479;[67];80
479;[69];95
479;[67];80
479;[69];95
479;[67];80
479;[69];95
479;[67];80
479;[69];95
479;[67];80
479;[68];80
959;[69];105
47;[67];95
239;[72];80
239;[72];95
239;[76];80
239;[74];80
719;[76];105
479;[74];95
719;[69];80
239;[71];80
479;[72];105
479;[71];95
239;[23];80
479;[74];95
239;[76];80
239;[74];80
479;[76];105
479;[74];80
959;[71];105
479;[72];80
479;[69];95
479;[67];80
479;[68];80
959;[69];105
479;[67];80
479;[68];80
959;[69];105
479;[67];80
479;[68];80
959;[69];105
479;[67];80
479;[68];80
959;[69];105
479;[67];80
479;[72];105
479;[71];95
239;[72];80
239;[71];80
719;[72];105
479;[69];80
239;[67];95
47;[69];80
239;[67];80
479;[69];95
1919;[67];105
479;[65];105
479;[70];80
479;[69];95
479;[67];80
479;[68];80
959;[69];105
479;[67];80
479;[68];80
959;[69];105
479;[67];80
479;[68];80
959;[69];105
479;[67];80
479;[68];80
959;[69];105
479;[67];80
479;[68];85
239;[69];105
239;[71];80
959;[71];105
479;[72];80
479;[67];95
479;[69];80
479;[67];80
479;[68];80
239;[71];80
479;[72];105
239;[74];80
479;[76];95
239;[74];80
479;[76];80
479;[74];105
479;[69];80
479;[69];95
479;[67];80
479;[72];80
479;[71];95
239;[72];80
239;[71];80
959;[69];105
479;[67];80
479;[68];80
239;[71];80
479;[72];105
239;[74];80
479;[76];95
239;[74];80
479;[76];80
479;[74];105
479;[69];80
479;[69];95
479;[67];80
479;[72];80
479;[71];95
239;[72];80
239;[71];80
959;[69];105
479;[67];80
479;[68];80
239;[69];105
239;[69];80
479;[67];95
479;[69];80
479;[67];80
479;[68];80
239;[71];80
479;[72];105
239;[74];80
239;[74];80
479;[76];95
159;[74];80
479;[76];80
479;[74];105
479;[69];80
479;[69];95
479;[67];80
479;[72];80
479;[71];95
239;[72];80
239;[71];80
959;[69];105
479;[66];95
479;[67];80
479;[69];95
479;[67];80
479;[69];95
479;[67];80
479;[69];95
479;[67];80
479;[69];95
479;[67];80
479;[69];95
479;[67];80
479;[72];95
479;[71];80
959;[69];105
479;[67];95
479;[69];80
239;[76];80
239;[74];80
479;[76];105
479;[74];80
959;[71];105
479;[72];80
479;[69];95
479;[72];80
479;[71];95
239;[69];80
719;[74];105
239;[76];80
479;[74];95
479;[72];80
479;[71];105
479;[69];80
719;[67];105
239;[69];80
479;[67];95
479;[69];80
719;[72];105
239;[71];80
239;[69];80
239;[71];80
479;[72];105
239;[71];80
479;[67];95
479;[71];80
479;[72];105
479;[69];80
719;[71];105
239;[73];80
479;[74];95
479;[76];80
479;[74];105
479;[69];80
479;[67];95
719;[71];105
239;[73];80
479;[74];95
479;[76];80
479;[74];105
479;[69];80
239;[71];80
239;[72];95
239;[71];85
479;[72];80
479;[69];95
479;[71];80
479;[65];105
479;[71];80
959;[69];105
479;[67];80
479;[68];95
239;[71];80
239;[73];80
959;[74];105
479;[69];80
479;[66];95
479;[67];80
479;[69];95
479;[67];80
239;[69];80
479;[72];80
239;[69];80
239;[70];95
239;[70];80
239;[70];95
239;[69];80
239;[74];95
239;[72];80
239;[71];80
479;[74];105
479;[74];80
479;[69];95
479;[67];80
239;[69];80
239;[67];95
239;[69];80
239;[70];80
239;[70];95
239;[69];80
