239;[55 59 62];75
239;[43];80
239;[55 59 62];75
239;[38];80
239;[50 54 57 60];75
479;[70];105
239;[74];80
479;[81];95
239;[78];80
239;[76];80
239;[76];105
239;[73];80
239;[69];80
239;[65];105
239;[69];80
239;[67];95
239;[67];80
239;[69];80
239;[67];80
239;[69];95
239;[67];80
239;[65];80
239;[67];95
239;[66];80
239;[64];95
239;[76];80
479;[73];95
479;[76];80
479;[73];95
479;[67];80
479;[69];95
479;[67];80
479;[64];105
479;[64];80
479;[67];105
479;[64];80
479;[67];105
479;[69];80
479;[71];105
239;[69];80
239;[71];80
479;[73];105
479;[81];80
479;[81];105
239;[79];80
239;[78];105
239;[66];80
239;[66];95
239;[64];80
479;[62];80
959;[62];105
479;[64];80
479;[62];95
479;[64];80
479;[69];105
479;[74];80
479;[81];95
239;[83];80
239;[81];80
239;[78];95
239;[76];80
239;[74];80
239;[73];95
239;[69];80
239;[67];95
239;[66];80
239;[64];80
239;[62];95
239;[59];80
1439;[50 54 57];75
1439;[59 63 66 69];75
1439;[52 55 59];75
1439;[52 55 59];75
1439;[52 55 59];75
1439;[57 60 64];75
1439;[50 54 57];75
1439;[57 60 64];75
1439;[64];105
1439;[74];105
1919;[71];105
479;[76];80
479;[80];80
1919;[72];105
959;[71];95
479;[71];80
479;[73];95
479;[71];80
1439;[69];105
479;[74];80
479;[74];95
239;[76];80
239;[74];95
239;[71];80
1199;[69];105
239;[71];80
239;[66];80
239;[64];95
239;[66];80
239;[60];95
239;[65];80
239;[67];95
239;[66];80
239;[64];95
239;[69];80
239;[67];80
239;[67];95
239;[69];80
239;[71];80
479;[72];105
239;[71];80
239;[71];95
239;[72];80
239;[79];95
239;[71];80
239;[72];80
479;[71];105
239;[69];80
479;[73];105
479;[69];80
239;[65];105
239;[63];80
239;[64];80
239;[62];105
239;[66];80
239;[62];80
479;[67];105
479;[69];80
479;[71];105
479;[73];80
479;[74];105
479;[69];80
479;[71];80
959;[72];105
479;[71];80
479;[73];105
479;[71];80
479;[73];95
479;[76];80
479;[67];95
239;[69];80
239;[71];80
479;[72];105
239;[71];80
239;[72];80
479;[71];105
239;[69];80
479;[71];95
479;[74];80
239;[74];95
239;[73];80
239;[69];80
479;[71];105
479;[76];80
239;[76];95
239;[76];80
239;[76];95
239;[38];80
239;[50 54 57 60];75
1439;[55 59 62];75
1439;[55 59 62];75
1439;[57 60 64];75
1439;[53 57 60];75
1919;[55 59 62];75
479;[71];105
479;[73];80
479;[74];105
479;[69];95
479;[76];95
479;[73];80
479;[76];105
479;[74];80
479;[74];95
479;[74];105
479;[69];95
479;[67];105
479;[76];95
479;[74];80
479;[73];105
479;[69];95
479;[67];80
959;[69];105
479;[71];95
479;[74];80
239;[71];80
239;[67];105
239;[72];80
239;[71];80
239;[69];105
239;[71];80
239;[74];80
239;[67];105
239;[71];80
239;[69];80
479;[67];95
239;[71];80
479;[69];105
479;[74];80
239;[73];80
239;[76];105
239;[73];80
239;[76];105
239;[73];80
239;[76];80
239;[74];95
239;[71];80
239;[69];105
239;[71];80
239;[69];80
479;[67];95
479;[74];80
479;[73];105
479;[69];80
479;[67];80
479;[71];80
479;[69];105
239;[71];80
239;[69];80
479;[67];95
479;[66];80
239;[64];105
239;[66];80
239;[64];80
239;[62];105
239;[67];80
239;[69];80
479;[71];105
239;[67];80
239;[69];80
479;[70];95
479;[76];80
479;[76];105
239;[73];80
239;[76];80
239;[76];95
239;[73];80
239;[81];80
239;[78];80
479;[74];105
239;[74];80
479;[71];80
479;[68];105
239;[68];80
239;[71];80
23959;[74];105
239;[74];80
239;[73];95
239;[74];80
239;[73];80
239;[74];95
239;[73];80
239;[74];80
479;[73];105
479;[69];80
479;[69];105
239;[76];80
239;[74];80
239;[71];95
239;[67];80
239;[69];105
239;[72];80
239;[71];80
239;[69];105
239;[71];80
239;[74];80
239;[76];95
239;[78];80
239;[76];80
239;[73];80
239;[76];95
239;[74];80
239;[71];80
239;[72];105
239;[71];80
239;[72];80
479;[71];105
239;[69];80
479;[71];95
479;[74];80
239;[74];95
239;[73];80
239;[69];80
479;[74];105
239;[73];80
239;[69];80
479;[74];105
239;[73];80
239;[69];80
479;[74];105
959;[65];95
1919;[36];80
239;[48 52 55];75
239;[36];80
239;[48 52 55];75
239;[38];80
239;[50 54 57];75
239;[40];80
239;[52 55 59];75
239;[43];80
239;[55 59 62];75
239;[38];80
239;[50 54 57 60];75
239;[43];80
239;[55 59 62];75
239;[43];80
239;[55 59 62];75
239;[43];80
239;[55 59 62];75
239;[38];80
239;[50 54 57 60];75
479;[71];105
479;[74];80
1919;[55 59 62];75
479;[71];105
479;[71];80
479;[69];105
239;[71];80
239;[40];80
239;[55];105
239;[57];80
239;[52 55 59];75
239;[43];80
239;[55 59 62];75
239;[53 57 60];75
239;[54 57 61];75
239;[62];105
239;[67];105
239;[64];80
479;[68];105
239;[68];80
239;[71];80
23959;[74];105
239;[74];80
239;[73];95
239;[74];80
239;[73];80
239;[74];95
239;[73];80
239;[74];80
479;[73];105
479;[69];80
479;[69];95
239;[71];80
239;[72];95
239;[74];80
