GOT/PAQ/id_003_GOT.txt , 185943.823287,1217 , 0.265157 , 0.007043
GOT/RedNeuronal/id_023_temp0.20_len100000.txt , 1026324.007591,4 , 0.684107 , 0.008271
GOT/RedNeuronal/id_023_temp0.23_len100000.txt , 760072.765291,8 , 0.645024 , 0.009673
GOT/RedNeuronal/id_023_temp0.26_len100000.txt , 565670.613248,7 , 0.609013 , 0.010903
GOT/RedNeuronal/id_023_temp0.29_len100000.txt , 423895.069660,7 , 0.575689 , 0.011783
GOT/RedNeuronal/id_023_temp0.32_len100000.txt , 338202.036217,11 , 0.547879 , 0.012562
GOT/RedNeuronal/id_023_temp0.35_len100000.txt , 281630.341273,16 , 0.522118 , 0.012949
GOT/RedNeuronal/id_023_temp0.38_len100000.txt , 226137.444867,19 , 0.489237 , 0.013324
GOT/RedNeuronal/id_023_temp0.41_len100000.txt , 186012.582417,18 , 0.465597 , 0.013409
GOT/RedNeuronal/id_023_temp0.44_len100000.txt , 156207.571869,29 , 0.441241 , 0.013435
GOT/RedNeuronal/id_023_temp0.47_len100000.txt , 134819.584805,27 , 0.415375 , 0.013293
GOT/RedNeuronal/id_023_temp0.50_len100000.txt , 119291.814267,67 , 0.396150 , 0.013161
GOT/RedNeuronal/id_023_temp0.53_len100000.txt , 105145.610946,73 , 0.374629 , 0.012886
GOT/RedNeuronal/id_023_temp0.56_len100000.txt , 90388.525247,91 , 0.353732 , 0.012642
GOT/RedNeuronal/id_023_temp0.59_len100000.txt , 88603.982150,158 , 0.337226 , 0.012338
GOT/RedNeuronal/id_023_temp0.60_len100000.txt , 82234.499475,152 , 0.327415 , 0.012279
GOT/RedNeuronal/id_023_temp0.63_len100000.txt , 74695.302103,177 , 0.304240 , 0.011819
GOT/RedNeuronal/id_023_temp0.66_len100000.txt , 73327.128187,252 , 0.289143 , 0.011526
GOT/RedNeuronal/id_023_temp0.69_len100000.txt , 73157.444210,357 , 0.270945 , 0.011063
GOT/RedNeuronal/id_023_temp0.72_len100000.txt , 73467.390104,382 , 0.258890 , 0.010828
GOT/RedNeuronal/id_023_temp0.75_len100000.txt , 77725.878054,514 , 0.244935 , 0.010374
GOT/RedNeuronal/id_023_temp0.78_len100000.txt , 80688.677215,590 , 0.232687 , 0.010093
GOT/RedNeuronal/id_023_temp0.82_len100000.txt , 93253.419253,756 , 0.219653 , 0.009565
GOT/RedNeuronal/id_023_temp0.84_len100000.txt , 94749.875220,801 , 0.213556 , 0.009360
GOT/RedNeuronal/id_023_temp0.86_len100000.txt , 97585.733481,843 , 0.208639 , 0.009163
GOT/RedNeuronal/id_023_temp0.88_len100000.txt , 104980.174911,996 , 0.204214 , 0.008828
GOT/RedNeuronal/id_023_temp0.90_len100000.txt , 121375.377415,1180 , 0.196894 , 0.008492
GOT/RedNeuronal/id_023_temp0.92_len100000.txt , 124286.812296,1234 , 0.197225 , 0.008353
GOT/RedNeuronal/id_023_temp0.94_len100000.txt , 139779.811893,1407 , 0.196118 , 0.007965
GOT/RedNeuronal/id_023_temp0.96_len100000.txt , 151802.840830,1510 , 0.193597 , 0.007829
GOT/RedNeuronal/id_023_temp0.98_len100000.txt , 157606.709234,1648 , 0.194061 , 0.007565
GOT/RedNeuronal/id_023_temp1.00_len100000.txt , 177860.521487,1901 , 0.194946 , 0.007306
GOT/RedNeuronal/id_024_temp0.20_len100000.txt , 1145964.965638,3 , 0.659668 , 0.009086
GOT/RedNeuronal/id_024_temp0.23_len100000.txt , 810370.466249,2 , 0.623371 , 0.010464
GOT/RedNeuronal/id_024_temp0.26_len100000.txt , 597137.065533,3 , 0.593772 , 0.011462
GOT/RedNeuronal/id_024_temp0.29_len100000.txt , 401364.854563,4 , 0.555629 , 0.012475
GOT/RedNeuronal/id_024_temp0.32_len100000.txt , 318736.609763,11 , 0.528983 , 0.013034
GOT/RedNeuronal/id_024_temp0.35_len100000.txt , 261635.543207,6 , 0.505009 , 0.013367
GOT/RedNeuronal/id_024_temp0.38_len100000.txt , 207121.806451,10 , 0.478084 , 0.013676
GOT/RedNeuronal/id_024_temp0.41_len100000.txt , 177839.947580,15 , 0.455050 , 0.013664
GOT/RedNeuronal/id_024_temp0.44_len100000.txt , 156979.272247,17 , 0.436005 , 0.013598
GOT/RedNeuronal/id_024_temp0.47_len100000.txt , 125051.480005,34 , 0.410918 , 0.013482
GOT/RedNeuronal/id_024_temp0.50_len100000.txt , 108239.221456,35 , 0.386489 , 0.013304
GOT/RedNeuronal/id_024_temp0.53_len100000.txt , 96753.398038,38 , 0.369252 , 0.013195
GOT/RedNeuronal/id_024_temp0.56_len100000.txt , 88395.905902,69 , 0.348854 , 0.012851
GOT/RedNeuronal/id_024_temp0.59_len100000.txt , 77469.281778,70 , 0.327980 , 0.012576
GOT/RedNeuronal/id_024_temp0.60_len100000.txt , 75929.940504,94 , 0.323989 , 0.012438
GOT/RedNeuronal/id_024_temp0.63_len100000.txt , 69785.400734,117 , 0.304453 , 0.012171
GOT/RedNeuronal/id_024_temp0.66_len100000.txt , 66724.092107,138 , 0.293227 , 0.011908
GOT/RedNeuronal/id_024_temp0.69_len100000.txt , 64346.482957,197 , 0.271075 , 0.011553
GOT/RedNeuronal/id_024_temp0.72_len100000.txt , 62514.935080,236 , 0.259639 , 0.011263
GOT/RedNeuronal/id_024_temp0.75_len100000.txt , 65230.391905,325 , 0.242066 , 0.010746
GOT/RedNeuronal/id_024_temp0.78_len100000.txt , 68068.452007,393 , 0.234810 , 0.010560
GOT/RedNeuronal/id_024_temp0.82_len100000.txt , 70746.950372,502 , 0.217765 , 0.010010
GOT/RedNeuronal/id_024_temp0.84_len100000.txt , 79400.291756,608 , 0.212391 , 0.009740
GOT/RedNeuronal/id_024_temp0.86_len100000.txt , 80001.970518,638 , 0.206093 , 0.009590
GOT/RedNeuronal/id_024_temp0.88_len100000.txt , 85967.786161,696 , 0.202668 , 0.009194
GOT/RedNeuronal/id_024_temp0.90_len100000.txt , 99124.342449,924 , 0.202197 , 0.009088
GOT/RedNeuronal/id_024_temp0.92_len100000.txt , 102397.343474,958 , 0.198884 , 0.008724
GOT/RedNeuronal/id_024_temp0.94_len100000.txt , 108017.440280,1016 , 0.192714 , 0.008498
GOT/RedNeuronal/id_024_temp0.96_len100000.txt , 123216.371736,1224 , 0.194231 , 0.008283
GOT/RedNeuronal/id_024_temp0.98_len100000.txt , 129020.229546,1329 , 0.191651 , 0.008057
GOT/RedNeuronal/id_024_temp1.00_len100000.txt , 146119.624199,1563 , 0.193069 , 0.007860
HarryCam/PAQ/id_001_PAQ.txt , 92643.332366,626 , 0.261064 , 0.017467
HarryCam/RedNeuronal/id_001_temp0.20_len100000.txt , 4585812.056758,53 , 0.827359 , 0.003859
HarryCam/RedNeuronal/id_001_temp0.40_len100000.txt , 1140543.946197,678 , 0.643838 , 0.009461
HarryCam/RedNeuronal/id_001_temp0.60_len100000.txt , 654922.251298,2753 , 0.499052 , 0.009106
HarryCam/RedNeuronal/id_001_temp0.80_len100000.txt , 823885.059321,7434 , 0.410873 , 0.005596
HarryCam/RedNeuronal/id_001_temp0.81_len100000.txt , 863770.218401,7673 , 0.410178 , 0.005223
HarryCam/RedNeuronal/id_001_temp0.82_len100000.txt , 846482.472097,7840 , 0.409192 , 0.005098
HarryCam/RedNeuronal/id_001_temp0.83_len100000.txt , 871160.979415,8315 , 0.404198 , 0.005068
HarryCam/RedNeuronal/id_001_temp0.84_len100000.txt , 889012.102491,8564 , 0.403815 , 0.004841
HarryCam/RedNeuronal/id_001_temp0.85_len100000.txt , 917337.586677,8774 , 0.401941 , 0.004569
HarryCam/RedNeuronal/id_001_temp0.86_len100000.txt , 890728.886163,9212 , 0.397160 , 0.004501
HarryCam/RedNeuronal/id_001_temp0.87_len100000.txt , 937892.107806,9697 , 0.398662 , 0.004198
HarryCam/RedNeuronal/id_001_temp0.88_len100000.txt , 963062.819740,10207 , 0.399224 , 0.004065
HarryCam/RedNeuronal/id_001_temp0.89_len100000.txt , 997337.336461,10208 , 0.398385 , 0.004099
HarryCam/RedNeuronal/id_001_temp0.90_len100000.txt , 1012639.783383,10946 , 0.393941 , 0.003857
HarryCam/RedNeuronal/id_001_temp0.91_len100000.txt , 1022613.303279,11048 , 0.397596 , 0.003829
HarryCam/RedNeuronal/id_001_temp0.92_len100000.txt , 1026433.933564,11327 , 0.396064 , 0.003667
HarryCam/RedNeuronal/id_001_temp0.93_len100000.txt , 1061040.192895,11945 , 0.396110 , 0.003514
HarryCam/RedNeuronal/id_001_temp0.94_len100000.txt , 1047008.779411,12223 , 0.397949 , 0.003263
HarryCam/RedNeuronal/id_001_temp0.95_len100000.txt , 1088056.208274,12716 , 0.398344 , 0.003108
HarryCam/RedNeuronal/id_001_temp0.96_len100000.txt , 1077876.203550,13341 , 0.403040 , 0.003066
HarryCam/RedNeuronal/id_001_temp0.97_len100000.txt , 1101358.541949,13573 , 0.402377 , 0.002919
HarryCam/RedNeuronal/id_001_temp0.98_len100000.txt , 1123946.062319,13973 , 0.403495 , 0.002832
HarryCam/RedNeuronal/id_001_temp0.99_len100000.txt , 1148758.460725,14558 , 0.406851 , 0.002797
HarryCam/RedNeuronal/id_001_temp1.00_len100000.txt , 1199958.840439,14798 , 0.407556 , 0.002634
HarryCam/RedNeuronal/id_002_temp0.20_len100000.txt , 5084363.461543,36 , 0.822545 , 0.004424
HarryCam/RedNeuronal/id_002_temp0.40_len100000.txt , 983813.011713,558 , 0.617648 , 0.012239
HarryCam/RedNeuronal/id_002_temp0.60_len100000.txt , 471563.653769,2312 , 0.470322 , 0.012021
HarryCam/RedNeuronal/id_002_temp0.80_len100000.txt , 553808.983799,6028 , 0.375104 , 0.007719
HarryCam/RedNeuronal/id_002_temp0.81_len100000.txt , 573822.016249,6474 , 0.370963 , 0.007557
HarryCam/RedNeuronal/id_002_temp0.82_len100000.txt , 574590.712043,6616 , 0.365112 , 0.007371
HarryCam/RedNeuronal/id_002_temp0.83_len100000.txt , 586489.533814,7041 , 0.364911 , 0.007103
HarryCam/RedNeuronal/id_002_temp0.84_len100000.txt , 611078.544152,7242 , 0.362478 , 0.006819
HarryCam/RedNeuronal/id_002_temp0.85_len100000.txt , 635013.926071,7465 , 0.361957 , 0.006864
HarryCam/RedNeuronal/id_002_temp0.86_len100000.txt , 631049.356760,7898 , 0.360824 , 0.006486
HarryCam/RedNeuronal/id_002_temp0.87_len100000.txt , 656715.344830,8270 , 0.359703 , 0.006340
HarryCam/RedNeuronal/id_002_temp0.88_len100000.txt , 668902.280026,8474 , 0.357879 , 0.006026
HarryCam/RedNeuronal/id_002_temp0.89_len100000.txt , 670048.080818,8793 , 0.353270 , 0.005909
HarryCam/RedNeuronal/id_002_temp0.90_len100000.txt , 728004.117932,9158 , 0.356410 , 0.005668
HarryCam/RedNeuronal/id_002_temp0.91_len100000.txt , 750595.724859,9552 , 0.356122 , 0.005592
HarryCam/RedNeuronal/id_002_temp0.92_len100000.txt , 744628.789512,9710 , 0.354227 , 0.005238
HarryCam/RedNeuronal/id_002_temp0.93_len100000.txt , 754905.524337,10369 , 0.354805 , 0.005151
HarryCam/RedNeuronal/id_002_temp0.94_len100000.txt , 813733.506691,10560 , 0.357575 , 0.004938
HarryCam/RedNeuronal/id_002_temp0.95_len100000.txt , 785355.590359,10847 , 0.357109 , 0.004762
HarryCam/RedNeuronal/id_002_temp0.96_len100000.txt , 818954.340285,11323 , 0.357198 , 0.004644
HarryCam/RedNeuronal/id_002_temp0.97_len100000.txt , 825763.338353,11447 , 0.359360 , 0.004432
HarryCam/RedNeuronal/id_002_temp0.98_len100000.txt , 848766.448643,12084 , 0.359774 , 0.004248
HarryCam/RedNeuronal/id_002_temp0.99_len100000.txt , 866067.631827,12290 , 0.362037 , 0.004234
HarryCam/RedNeuronal/id_002_temp1.00_len100000.txt , 902914.898649,13049 , 0.367738 , 0.003888
HarryCam/RedNeuronal/id_003_temp0.20_len100000.txt , 3841522.138063,30 , 0.787626 , 0.006557
HarryCam/RedNeuronal/id_003_temp0.40_len100000.txt , 662325.802804,469 , 0.599668 , 0.014455
HarryCam/RedNeuronal/id_003_temp0.60_len100000.txt , 363711.008453,2047 , 0.447869 , 0.013309
HarryCam/RedNeuronal/id_003_temp0.80_len100000.txt , 463336.379190,5602 , 0.361735 , 0.008628
HarryCam/RedNeuronal/id_003_temp0.81_len100000.txt , 512972.853401,6150 , 0.360899 , 0.008193
HarryCam/RedNeuronal/id_003_temp0.82_len100000.txt , 504347.274888,6226 , 0.355057 , 0.008089
HarryCam/RedNeuronal/id_003_temp0.83_len100000.txt , 511771.255582,6533 , 0.351972 , 0.007932
HarryCam/RedNeuronal/id_003_temp0.84_len100000.txt , 515918.163614,6618 , 0.347385 , 0.007584
HarryCam/RedNeuronal/id_003_temp0.85_len100000.txt , 571218.318738,6900 , 0.347675 , 0.007453
HarryCam/RedNeuronal/id_003_temp0.86_len100000.txt , 553725.597122,7302 , 0.347655 , 0.007186
HarryCam/RedNeuronal/id_003_temp0.87_len100000.txt , 552509.203947,7495 , 0.343476 , 0.007112
HarryCam/RedNeuronal/id_003_temp0.88_len100000.txt , 584763.645886,8032 , 0.345200 , 0.006735
HarryCam/RedNeuronal/id_003_temp0.89_len100000.txt , 573893.074385,8318 , 0.336701 , 0.006716
HarryCam/RedNeuronal/id_003_temp0.90_len100000.txt , 623064.663957,8681 , 0.340465 , 0.006570
HarryCam/RedNeuronal/id_003_temp0.91_len100000.txt , 646954.613067,9368 , 0.339716 , 0.006179
HarryCam/RedNeuronal/id_003_temp0.92_len100000.txt , 649258.084263,9202 , 0.342727 , 0.005944
HarryCam/RedNeuronal/id_003_temp0.93_len100000.txt , 659975.407796,9661 , 0.339964 , 0.005734
HarryCam/RedNeuronal/id_003_temp0.94_len100000.txt , 692748.692500,9752 , 0.343722 , 0.005624
HarryCam/RedNeuronal/id_003_temp0.95_len100000.txt , 723578.150195,10219 , 0.341680 , 0.005448
HarryCam/RedNeuronal/id_003_temp0.96_len100000.txt , 726864.636422,10609 , 0.344312 , 0.005286
HarryCam/RedNeuronal/id_003_temp0.97_len100000.txt , 736911.075553,10993 , 0.342985 , 0.005034
HarryCam/RedNeuronal/id_003_temp0.98_len100000.txt , 750123.017669,11578 , 0.347612 , 0.004880
HarryCam/RedNeuronal/id_003_temp0.99_len100000.txt , 779487.526593,11759 , 0.348803 , 0.004744
HarryCam/RedNeuronal/id_003_temp1.00_len100000.txt , 782477.932643,12119 , 0.351927 , 0.004663
HarryCam/RedNeuronal/id_004_temp0.20_len100000.txt , 255766051.158961,656 , 0.908669 , 0.000086
HarryCam/RedNeuronal/id_004_temp0.40_len100000.txt , 71550783.380159,5063 , 0.794641 , 0.000123
HarryCam/RedNeuronal/id_004_temp0.60_len100000.txt , 18190115.730716,15488 , 0.744169 , 0.000032
HarryCam/RedNeuronal/id_004_temp0.80_len100000.txt , 7469227.294299,29757 , 0.755577 , 0.000007
HarryCam/RedNeuronal/id_004_temp0.81_len100000.txt , 7147157.109916,30580 , 0.757254 , 0.000009
HarryCam/RedNeuronal/id_004_temp0.82_len100000.txt , 6858224.628426,31065 , 0.756456 , 0.000011
HarryCam/RedNeuronal/id_004_temp0.83_len100000.txt , 6486532.485502,32182 , 0.761242 , 0.000005
HarryCam/RedNeuronal/id_004_temp0.84_len100000.txt , 6308521.563846,32574 , 0.762561 , 0.000005
HarryCam/RedNeuronal/id_004_temp0.85_len100000.txt , 6465505.731400,33102 , 0.764545 , 0.000007
HarryCam/RedNeuronal/id_004_temp0.86_len100000.txt , 5877529.221827,34155 , 0.764692 , 0.000009
HarryCam/RedNeuronal/id_004_temp0.87_len100000.txt , 5895601.616114,34954 , 0.768786 , 0.000003
HarryCam/RedNeuronal/id_004_temp0.88_len100000.txt , 5563240.536156,35986 , 0.769341 , 0.000004
HarryCam/RedNeuronal/id_004_temp0.89_len100000.txt , 5474715.232718,36477 , 0.771161 , 0.000003
HarryCam/RedNeuronal/id_004_temp0.90_len100000.txt , 5432101.761562,37209 , 0.776140 , 0.000005
HarryCam/RedNeuronal/id_004_temp0.91_len100000.txt , 5221182.990724,37889 , 0.776682 , 0.000001
HarryCam/RedNeuronal/id_004_temp0.92_len100000.txt , 5071060.350685,38901 , 0.776983 , 0.000001
HarryCam/RedNeuronal/id_004_temp0.93_len100000.txt , 4934922.712284,39479 , 0.780521 , 0.000001
HarryCam/RedNeuronal/id_004_temp0.94_len100000.txt , 4874746.453216,39976 , 0.780700 , 0.000001
HarryCam/RedNeuronal/id_004_temp0.95_len100000.txt , 4753575.170308,40491 , 0.783390 , 0.000004
HarryCam/RedNeuronal/id_004_temp0.96_len100000.txt , 4748276.926198,41339 , 0.787154 , 0.000002
HarryCam/RedNeuronal/id_004_temp0.97_len100000.txt , 4579798.565009,42294 , 0.789025 , 0.000001
HarryCam/RedNeuronal/id_004_temp0.98_len100000.txt , 4487133.061033,43072 , 0.793218 , 0.000000
HarryCam/RedNeuronal/id_004_temp0.99_len100000.txt , 4383936.330917,43688 , 0.793511 , 0.000005
HarryCam/RedNeuronal/id_004_temp1.00_len100000.txt , 4282397.250594,44344 , 0.792474 , 0.000003
Biblia/PAQ/generadoBibliaPAQ.txt , 5180272.750106,2349 , 0.398052 , 0.009354
Biblia/RedNeuronal/id_009_temp0.20_len100000.txt , 1150155.196848,26 , 0.686461 , 0.013059
Biblia/RedNeuronal/id_009_temp0.40_len100000.txt , 369886.957818,88 , 0.526575 , 0.016391
Biblia/RedNeuronal/id_009_temp0.60_len100000.txt , 123823.740401,177 , 0.359274 , 0.015731
Biblia/RedNeuronal/id_009_temp0.80_len100000.txt , 79821.647416,565 , 0.231572 , 0.013629
Biblia/RedNeuronal/id_009_temp0.81_len100000.txt , 80939.135819,577 , 0.230736 , 0.013464
Biblia/RedNeuronal/id_009_temp0.82_len100000.txt , 85067.129148,680 , 0.222124 , 0.013234
Biblia/RedNeuronal/id_009_temp0.83_len100000.txt , 82075.469242,688 , 0.221465 , 0.013256
Biblia/RedNeuronal/id_009_temp0.84_len100000.txt , 80162.324358,646 , 0.213106 , 0.013064
Biblia/RedNeuronal/id_009_temp0.85_len100000.txt , 89058.443872,778 , 0.207882 , 0.012955
Biblia/RedNeuronal/id_009_temp0.86_len100000.txt , 87903.678245,780 , 0.209132 , 0.012816
Biblia/RedNeuronal/id_009_temp0.87_len100000.txt , 89453.816688,786 , 0.200494 , 0.012673
Biblia/RedNeuronal/id_009_temp0.88_len100000.txt , 90733.381181,814 , 0.194599 , 0.012599
Biblia/RedNeuronal/id_009_temp0.89_len100000.txt , 101054.382448,912 , 0.198270 , 0.012242
Biblia/RedNeuronal/id_009_temp0.90_len100000.txt , 100936.757519,1010 , 0.190049 , 0.012311
Biblia/RedNeuronal/id_009_temp0.91_len100000.txt , 102094.822579,963 , 0.192769 , 0.012044
Biblia/RedNeuronal/id_009_temp0.92_len100000.txt , 111440.830399,1126 , 0.187907 , 0.012013
Biblia/RedNeuronal/id_009_temp0.93_len100000.txt , 116323.771839,1159 , 0.189797 , 0.011874
Biblia/RedNeuronal/id_009_temp0.94_len100000.txt , 111880.615262,1182 , 0.180079 , 0.011764
Biblia/RedNeuronal/id_009_temp0.95_len100000.txt , 121503.966577,1211 , 0.180612 , 0.011559
Biblia/RedNeuronal/id_009_temp0.96_len100000.txt , 127154.031418,1331 , 0.174184 , 0.011417
Biblia/RedNeuronal/id_009_temp0.97_len100000.txt , 132291.471123,1366 , 0.173707 , 0.011261
Biblia/RedNeuronal/id_009_temp0.98_len100000.txt , 143662.772109,1519 , 0.175986 , 0.011131
Biblia/RedNeuronal/id_009_temp0.99_len100000.txt , 140786.996979,1510 , 0.172174 , 0.011100
Biblia/RedNeuronal/id_009_temp1.00_len100000.txt , 152392.736148,1580 , 0.173737 , 0.010798
Biblia/RedNeuronal/id_010_temp0.20_len100000.txt , 6484999.637139,10 , 0.732277 , 0.009122
Biblia/RedNeuronal/id_010_temp0.40_len100000.txt , 855181.895788,35 , 0.599923 , 0.016549
Biblia/RedNeuronal/id_010_temp0.60_len100000.txt , 142459.860853,139 , 0.379957 , 0.015811
Biblia/RedNeuronal/id_010_temp0.80_len100000.txt , 74010.069885,424 , 0.245268 , 0.013943
Biblia/RedNeuronal/id_010_temp0.81_len100000.txt , 73664.358846,445 , 0.232375 , 0.013806
Biblia/RedNeuronal/id_010_temp0.82_len100000.txt , 82319.001175,558 , 0.234594 , 0.013636
Biblia/RedNeuronal/id_010_temp0.83_len100000.txt , 70258.436237,495 , 0.223549 , 0.013563
Biblia/RedNeuronal/id_010_temp0.84_len100000.txt , 73839.023379,506 , 0.222486 , 0.013438
Biblia/RedNeuronal/id_010_temp0.85_len100000.txt , 84380.978486,633 , 0.222288 , 0.013380
Biblia/RedNeuronal/id_010_temp0.86_len100000.txt , 82813.305598,594 , 0.221994 , 0.013325
Biblia/RedNeuronal/id_010_temp0.87_len100000.txt , 81566.208863,626 , 0.217901 , 0.013237
Biblia/RedNeuronal/id_010_temp0.88_len100000.txt , 86120.899272,732 , 0.203983 , 0.012924
Biblia/RedNeuronal/id_010_temp0.89_len100000.txt , 87509.348342,753 , 0.201900 , 0.012822
Biblia/RedNeuronal/id_010_temp0.90_len100000.txt , 88305.691571,771 , 0.202730 , 0.012853
Biblia/RedNeuronal/id_010_temp0.91_len100000.txt , 97366.859172,901 , 0.201506 , 0.012640
Biblia/RedNeuronal/id_010_temp0.92_len100000.txt , 107985.631559,885 , 0.206996 , 0.012615
Biblia/RedNeuronal/id_010_temp0.93_len100000.txt , 104222.905222,1066 , 0.189514 , 0.012172
Biblia/RedNeuronal/id_010_temp0.94_len100000.txt , 100369.173630,935 , 0.189133 , 0.012163
Biblia/RedNeuronal/id_010_temp0.95_len100000.txt , 106995.795924,1031 , 0.187952 , 0.012127
Biblia/RedNeuronal/id_010_temp0.96_len100000.txt , 105328.528948,1049 , 0.185301 , 0.011942
Biblia/RedNeuronal/id_010_temp0.97_len100000.txt , 108478.537362,1023 , 0.183450 , 0.011870
Biblia/RedNeuronal/id_010_temp0.98_len100000.txt , 110023.891692,1126 , 0.174302 , 0.011648
Biblia/RedNeuronal/id_010_temp0.99_len100000.txt , 121479.895830,1234 , 0.181176 , 0.011550
Biblia/RedNeuronal/id_010_temp1.00_len100000.txt , 125230.027253,1254 , 0.185400 , 0.011678
Biblia/RedNeuronal/id_011_temp0.20_len100000.txt , 3378197.128833,4 , 0.844360 , 0.016807
Biblia/RedNeuronal/id_011_temp0.23_len100000.txt , 5474785.625021,4 , 0.945003 , 0.015705
Biblia/RedNeuronal/id_011_temp0.26_len100000.txt , 4012087.112723,10 , 0.856567 , 0.017651
Biblia/RedNeuronal/id_011_temp0.29_len100000.txt , 1803865.183293,13 , 0.733848 , 0.016231
Biblia/RedNeuronal/id_011_temp0.32_len100000.txt , 2774365.135855,15 , 0.777132 , 0.017253
Biblia/RedNeuronal/id_011_temp0.35_len100000.txt , 3670351.152367,15 , 0.818841 , 0.017675
Biblia/RedNeuronal/id_011_temp0.38_len100000.txt , 5358704.351474,7 , 0.933176 , 0.015888
Biblia/RedNeuronal/id_011_temp0.41_len100000.txt , 3331598.997484,22 , 0.779446 , 0.017649
Biblia/RedNeuronal/id_011_temp0.44_len100000.txt , 1075173.358650,43 , 0.621713 , 0.016668
Biblia/RedNeuronal/id_011_temp0.47_len100000.txt , 628525.519172,58 , 0.563441 , 0.016294
Biblia/RedNeuronal/id_011_temp0.50_len100000.txt , 516675.877638,84 , 0.531470 , 0.016159
Biblia/RedNeuronal/id_011_temp0.53_len100000.txt , 641018.904811,98 , 0.533474 , 0.016265
Biblia/RedNeuronal/id_011_temp0.56_len100000.txt , 221117.278145,133 , 0.443671 , 0.015454
Biblia/RedNeuronal/id_011_temp0.59_len100000.txt , 161643.067180,153 , 0.408052 , 0.015177
Biblia/RedNeuronal/id_011_temp0.60_len100000.txt , 153186.686269,178 , 0.389228 , 0.014940
Biblia/RedNeuronal/id_011_temp0.63_len100000.txt , 146603.831110,198 , 0.376914 , 0.015004
Biblia/RedNeuronal/id_011_temp0.66_len100000.txt , 122165.191810,224 , 0.357402 , 0.014647
Biblia/RedNeuronal/id_011_temp0.69_len100000.txt , 101053.874845,313 , 0.322167 , 0.014284
Biblia/RedNeuronal/id_011_temp0.72_len100000.txt , 96151.482817,367 , 0.303836 , 0.013966
Biblia/RedNeuronal/id_011_temp0.75_len100000.txt , 92685.880785,446 , 0.280304 , 0.013589
Biblia/RedNeuronal/id_011_temp0.78_len100000.txt , 88209.549665,557 , 0.260997 , 0.013170
Biblia/RedNeuronal/id_011_temp0.82_len100000.txt , 90693.674721,720 , 0.242348 , 0.012640
Biblia/RedNeuronal/id_011_temp0.84_len100000.txt , 97212.667911,839 , 0.230512 , 0.012447
Biblia/RedNeuronal/id_011_temp0.86_len100000.txt , 98655.285393,877 , 0.223909 , 0.012175
Biblia/RedNeuronal/id_011_temp0.88_len100000.txt , 113012.410491,1007 , 0.216622 , 0.011847
Biblia/RedNeuronal/id_011_temp0.90_len100000.txt , 112078.979020,1066 , 0.204954 , 0.011676
Biblia/RedNeuronal/id_011_temp0.92_len100000.txt , 120301.859855,1207 , 0.196818 , 0.011380
Biblia/RedNeuronal/id_011_temp0.94_len100000.txt , 128205.248436,1316 , 0.197213 , 0.011172
Biblia/RedNeuronal/id_011_temp0.96_len100000.txt , 148287.415673,1598 , 0.184419 , 0.010817
Biblia/RedNeuronal/id_011_temp0.98_len100000.txt , 153520.863941,1678 , 0.186601 , 0.010457
Biblia/RedNeuronal/id_011_temp1.00_len100000.txt , 163760.830596,1824 , 0.184590 , 0.010176
Biblia/RedNeuronal/id_012_temp0.20_len100000.txt , 2620887.786120,12 , 0.829155 , 0.007961
Biblia/RedNeuronal/id_012_temp0.23_len100000.txt , 2193407.971906,13 , 0.802088 , 0.009034
Biblia/RedNeuronal/id_012_temp0.26_len100000.txt , 1825735.820887,20 , 0.775903 , 0.010096
Biblia/RedNeuronal/id_012_temp0.29_len100000.txt , 1559375.166169,33 , 0.749741 , 0.010974
Biblia/RedNeuronal/id_012_temp0.32_len100000.txt , 1271398.283960,42 , 0.720078 , 0.011907
Biblia/RedNeuronal/id_012_temp0.35_len100000.txt , 1018028.627387,65 , 0.684390 , 0.012616
Biblia/RedNeuronal/id_012_temp0.38_len100000.txt , 803584.724058,76 , 0.651057 , 0.013259
Biblia/RedNeuronal/id_012_temp0.41_len100000.txt , 724439.209372,105 , 0.649484 , 0.015095
Biblia/RedNeuronal/id_012_temp0.44_len100000.txt , 499196.801974,158 , 0.574202 , 0.014225
Biblia/RedNeuronal/id_012_temp0.47_len100000.txt , 397746.470325,167 , 0.541694 , 0.014316
Biblia/RedNeuronal/id_012_temp0.50_len100000.txt , 333768.663161,254 , 0.502493 , 0.014062
Biblia/RedNeuronal/id_012_temp0.53_len100000.txt , 288145.794638,328 , 0.476606 , 0.013981
Biblia/RedNeuronal/id_012_temp0.56_len100000.txt , 236056.479934,445 , 0.441127 , 0.013734
Biblia/RedNeuronal/id_012_temp0.59_len100000.txt , 215414.002442,508 , 0.418720 , 0.013374
Biblia/RedNeuronal/id_012_temp0.60_len100000.txt , 204119.570230,579 , 0.414342 , 0.013344
Biblia/RedNeuronal/id_012_temp0.63_len100000.txt , 180549.563172,672 , 0.382889 , 0.013031
Biblia/RedNeuronal/id_012_temp0.66_len100000.txt , 169255.403573,846 , 0.354395 , 0.012612
Biblia/RedNeuronal/id_012_temp0.69_len100000.txt , 163650.762690,937 , 0.329760 , 0.012127
Biblia/RedNeuronal/id_012_temp0.72_len100000.txt , 162839.168541,1161 , 0.307349 , 0.011798
Biblia/RedNeuronal/id_012_temp0.75_len100000.txt , 168583.273473,1306 , 0.290723 , 0.011324
Biblia/RedNeuronal/id_012_temp0.78_len100000.txt , 175851.939422,1586 , 0.271601 , 0.010860
Biblia/RedNeuronal/id_012_temp0.82_len100000.txt , 195134.512760,1914 , 0.257006 , 0.010225
Biblia/RedNeuronal/id_012_temp0.84_len100000.txt , 209708.779396,2121 , 0.241198 , 0.009915
Biblia/RedNeuronal/id_012_temp0.86_len100000.txt , 224418.790643,2285 , 0.236824 , 0.009627
Biblia/RedNeuronal/id_012_temp0.88_len100000.txt , 238002.456811,2546 , 0.220951 , 0.009421
Biblia/RedNeuronal/id_012_temp0.90_len100000.txt , 252780.222501,2642 , 0.216020 , 0.009030
Biblia/RedNeuronal/id_012_temp0.92_len100000.txt , 273085.480220,2939 , 0.210496 , 0.008793
Biblia/RedNeuronal/id_012_temp0.94_len100000.txt , 301974.800711,3237 , 0.206792 , 0.008527
Biblia/RedNeuronal/id_012_temp0.96_len100000.txt , 313373.271284,3420 , 0.197918 , 0.008339
Biblia/RedNeuronal/id_012_temp0.98_len100000.txt , 351977.422254,3830 , 0.199080 , 0.007885
Biblia/RedNeuronal/id_012_temp1.00_len100000.txt , 369205.323260,3968 , 0.198473 , 0.007705
