119;[41];80
119;[41];80
239;[43];80
119;[41];80
119;[41];80
239;[43];80
239;[36];80
239;[46];80
239;[41];80
239;[41];80
239;[36];80
239;[46];80
119;[41];80
119;[41];80
239;[43];80
239;[36];80
239;[46];80
239;[41];80
239;[41];80
239;[36];80
239;[46];80
119;[41];80
119;[41];80
239;[43];80
239;[45];80
239;[38];80
239;[45];80
239;[45];80
239;[38];80
239;[40];80
239;[45];80
239;[45];80
239;[38];80
239;[38];80
239;[45];80
239;[45];80
239;[38];80
239;[45];80
239;[38];80
239;[38];80
239;[38];80
239;[38];80
239;[45];80
239;[45];80
239;[38];80
239;[40];80
239;[45];80
239;[45];80
239;[38];80
239;[38];80
239;[45];80
239;[45];80
239;[38];80
239;[45];80
239;[38];80
239;[38];80
239;[38];80
239;[38];80
239;[40];80
239;[40];80
239;[38];80
239;[38];80
239;[45];80
239;[45];80
239;[38];80
239;[47];80
239;[40];80
239;[45];80
239;[38];80
239;[45];80
239;[38];80
239;[38];80
239;[38];80
239;[38];80
239;[40];80
239;[40];80
239;[38];80
239;[38];80
239;[45];80
239;[45];80
239;[38];80
239;[47];80
239;[40];80
239;[45];80
239;[38];80
239;[45];80
239;[38];80
239;[38];80
1439;[36];80
1439;[36];80
1439;[36];80
1439;[36];80
1439;[36];80
1439;[36];80
239;[38];80
239;[45];80
239;[38];80
239;[38];80
239;[43];80
239;[43];80
239;[40];80
239;[45];80
239;[38];80
239;[45];80
239;[38];80
239;[43];80
239;[38];80
239;[45];80
239;[38];80
239;[38];80
239;[38];80
239;[45];80
239;[38];80
239;[38];80
239;[43];80
239;[43];80
239;[40];80
239;[45];80
239;[38];80
239;[45];80
239;[38];80
239;[43];80
239;[38];80
239;[45];80
239;[38];80
239;[38];80
239;[38];80
239;[38];80
239;[43];80
239;[38];80
239;[43];80
239;[38];80
239;[40];80
239;[45];80
239;[38];80
239;[38];80
239;[43];80
239;[38];80
239;[38];80
239;[45];80
239;[38];80
239;[38];80
239;[38];80
239;[38];80
239;[43];80
239;[38];80
239;[43];80
239;[38];80
239;[40];80
239;[45];80
239;[38];80
239;[38];80
239;[43];80
239;[38];80
239;[38];80
239;[45];80
239;[38];80
239;[38];80
239;[43];80
239;[43];80
239;[36];80
239;[43];80
239;[38];80
239;[38];80
239;[38];80
239;[38];80
239;[43];80
239;[43];80
239;[36];80
239;[43];80
239;[45];80
239;[38];80
239;[43];80
239;[43];80
239;[43];80
239;[43];80
239;[36];80
239;[43];80
239;[38];80
239;[38];80
239;[38];80
239;[38];80
239;[43];80
239;[43];80
239;[36];80
239;[43];80
239;[45];80
239;[38];80
239;[43];80
239;[43];80
239;[43];80
239;[43];80
239;[38];80
239;[38];80
239;[43];80
239;[43];80
239;[38];80
239;[38];80
239;[43];80
239;[43];80
239;[45];80
239;[38];80
239;[36];80
239;[38];80
239;[43];80
239;[43];80
239;[43];80
239;[43];80
239;[38];80
239;[38];80
239;[43];80
239;[43];80
239;[38];80
239;[38];80
239;[43];80
239;[43];80
239;[45];80
239;[38];80
239;[36];80
239;[38];80
239;[43];80
239;[43];80
1439;[37];80
1439;[47];80
1439;[37];80
1439;[47];80
1439;[46];80
1439;[36];80
1439;[41];80
1439;[41];80
1439;[46];80
1439;[36];80
1439;[41];80
1439;[38];80
1439;[40];80
1439;[38];80
239;[38];80
239;[38];80
239;[40];80
239;[45];80
239;[47];80
239;[47];80
239;[43];80
239;[45];80
239;[38];80
239;[43];80
239;[38];80
239;[38];80
239;[38];80
239;[38];80
239;[43];80
239;[45];80
239;[38];80
239;[38];80
239;[40];80
239;[45];80
239;[47];80
239;[47];80
239;[43];80
239;[45];80
239;[38];80
239;[43];80
239;[38];80
239;[38];80
239;[38];80
239;[38];80
239;[43];80
239;[45];80
239;[38];80
239;[38];80
239;[40];80
239;[45];80
239;[47];80
239;[47];80
239;[43];80
239;[45];80
239;[38];80
239;[43];80
239;[38];80
239;[38];80
239;[38];80
239;[38];80
239;[43];80
239;[45];80
239;[38];80
239;[38];80
239;[40];80
239;[45];80
239;[47];80
239;[47];80
239;[43];80
239;[45];80
239;[38];80
239;[43];80
239;[38];80
239;[38];80
239;[38];80
239;[38];80
239;[38];80
239;[43];80
239;[38];80
239;[38];80
239;[40];80
239;[45];80
239;[47];80
239;[47];80
239;[43];80
239;[45];80
239;[38];80
239;[43];80
239;[38];80
239;[38];80
239;[38];80
239;[38];80
239;[43];80
239;[45];80
239;[38];80
239;[38];80
239;[40];80
239;[45];80
239;[47];80
239;[47];80
239;[43];80
239;[45];80
239;[38];80
239;[43];80
239;[38];80
239;[38];80
239;[38];80
239;[38];80
239;[43];80
239;[45];80
239;[38];80
239;[38];80
239;[40];80
239;[45];80
239;[47];80
239;[47];80
239;[43];80
239;[45];80
239;[38];80
239;[43];80
239;[38];80
239;[38];80
239;[38];80
239;[38];80
239;[38];80
239;[43];80
239;[38];80
239;[38];80
239;[40];80
239;[45];80
239;[47];80
239;[47];80
239;[43];80
239;[45];80
239;[38];80
239;[43];80
239;[38];80
239;[38];80
1439;[40];80
1439;[40];80
239;[36];80
239;[41];80
239;[40];80
239;[38];80
239;[36];80
239;[36];80
239;[38];80
239;[43];80
239;[36];80
239;[41];80
239;[36];80
239;[45];80
239;[38];80
239;[43];80
239;[36];80
239;[36];80
239;[36];80
239;[41];80
239;[40];80
239;[38];80
239;[36];80
239;[36];80
239;[38];80
239;[43];80
239;[36];80
239;[41];80
239;[36];80
239;[45];80
239;[38];80
239;[43];80
239;[36];80
239;[36];80
239;[36];80
239;[40];80
239;[41];80
239;[43];80
239;[36];80
239;[36];80
239;[38];80
239;[43];80
239;[36];80
239;[36];80
239;[41];80
239;[43];80
239;[45];80
239;[47];80
239;[36];80
239;[36];80
239;[36];80
239;[40];80
239;[41];80
239;[43];80
239;[36];80
239;[36];80
239;[38];80
239;[43];80
239;[36];80
239;[36];80
239;[41];80
239;[43];80
239;[45];80
239;[47];80
239;[36];80
239;[36];80
239;[45];80
239;[45];80
239;[45];80
239;[45];80
239;[45];80
239;[45];80
239;[47];80
239;[40];80
239;[45];80
239;[45];80
239;[45];80
239;[45];80
239;[38];80
239;[40];80
239;[45];80
239;[45];80
239;[45];80
239;[45];80
239;[45];80
239;[45];80
239;[45];80
239;[45];80
239;[47];80
239;[40];80
239;[45];80
239;[45];80
239;[45];80
239;[45];80
239;[38];80
239;[40];80
239;[45];80
239;[45];80
239;[38];80
239;[38];80
239;[38];80
239;[38];80
239;[43];80
239;[43];80
239;[40];80
239;[45];80
239;[38];80
239;[38];80
239;[38];80
239;[38];80
239;[43];80
239;[45];80
239;[38];80
239;[38];80
239;[38];80
239;[38];80
239;[38];80
239;[38];80
239;[43];80
239;[43];80
239;[40];80
239;[45];80
239;[38];80
239;[38];80
239;[38];80
239;[38];80
239;[43];80
239;[45];80
239;[38];80
239;[38];80
1439;[47];80
1439;[47];80
1439;[45];80
1439;[42];80
1439;[40];80
1439;[40];80
1439;[40];80
1439;[40];80
1439;[40];80
1439;[40];80
1439;[40];80
239;[36];80
239;[36];80
239;[43];80
239;[43];80
239;[36];80
239;[36];80
239;[43];80
239;[43];80
239;[36];80
239;[36];80
239;[38];80
239;[43];80
239;[45];80
239;[43];80
239;[36];80
239;[36];80
239;[36];80
239;[36];80
239;[43];80
239;[43];80
239;[36];80
239;[36];80
239;[43];80
239;[43];80
239;[36];80
239;[36];80
239;[38];80
239;[43];80
239;[45];80
239;[43];80
239;[36];80
239;[36];80
239;[36];80
239;[36];80
239;[43];80
239;[43];80
239;[36];80
239;[36];80
239;[43];80
239;[43];80
239;[36];80
239;[36];80
239;[38];80
239;[43];80
239;[45];80
239;[43];80
239;[36];80
239;[36];80
239;[36];80
239;[36];80
239;[43];80
239;[43];80
239;[36];80
239;[36];80
239;[43];80
239;[43];80
239;[36];80
239;[36];80
239;[38];80
239;[43];80
239;[45];80
239;[43];80
239;[36];80
239;[36];80
239;[47];80
239;[45];80
239;[47];80
239;[45];80
239;[43];80
239;[41];80
239;[40];80
239;[38];80
239;[36];80
239;[36];80
239;[47];80
239;[45];80
239;[45];80
239;[45];80
239;[40];80
239;[45];80
239;[43];80
239;[36];80
239;[36];80
239;[36];80
239;[43];80
239;[36];80
239;[36];80
239;[38];80
239;[43];80
239;[36];80
239;[36];80
239;[43];80
239;[43];80
239;[45];80
239;[43];80
239;[36];80
239;[36];80
239;[47];80
239;[45];80
239;[47];80
239;[45];80
239;[43];80
239;[41];80
239;[40];80
239;[38];80
239;[36];80
239;[36];80
239;[47];80
239;[45];80
239;[45];80
239;[45];80
239;[40];80
239;[45];80
239;[43];80
239;[36];80
239;[36];80
239;[36];80
239;[43];80
239;[36];80
239;[36];80
239;[38];80
239;[43];80
239;[36];80
239;[36];80
239;[43];80
239;[43];80
239;[45];80
239;[43];80
239;[36];80
239;[36];80
1439;[45];80
1439;[45];80
1439;[40];80
1439;[40];80
1439;[41];80
1439;[41];80
1439;[36];80
1439;[47];80
1439;[45];80
1439;[45];80
1439;[45];80
1439;[45];80
239;[45];80
239;[45];80
239;[38];80
239;[38];80
239;[43];80
239;[43];80
239;[40];80
239;[45];80
239;[45];80
239;[45];80
239;[38];80
239;[38];80
239;[43];80
239;[43];80
239;[43];80
239;[45];80
239;[45];80
239;[45];80
239;[38];80
239;[38];80
239;[43];80
239;[43];80
239;[40];80
239;[45];80
239;[45];80
239;[45];80
239;[38];80
239;[38];80
239;[43];80
239;[43];80
239;[43];80
239;[45];80
239;[45];80
239;[45];80
239;[38];80
239;[38];80
239;[43];80
239;[41];80
239;[40];80
239;[45];80
239;[45];80
239;[45];80
239;[38];80
239;[38];80
239;[43];80
239;[41];80
239;[40];80
239;[45];80
239;[45];80
239;[45];80
239;[38];80
239;[38];80
239;[43];80
239;[41];80
239;[40];80
239;[45];80
239;[45];80
239;[45];80
239;[38];80
239;[38];80
239;[43];80
239;[41];80
239;[40];80
239;[45];80
239;[45];80
239;[45];80
239;[38];80
239;[38];80
239;[43];80
239;[43];80
239;[43];80
239;[45];80
239;[45];80
239;[45];80
239;[38];80
239;[38];80
239;[43];80
239;[43];80
239;[43];80
239;[45];80
239;[45];80
239;[45];80
239;[38];80
239;[38];80
239;[43];80
239;[43];80
239;[43];80
239;[45];80
239;[45];80
239;[45];80
239;[38];80
239;[38];80
239;[43];80
239;[43];80
239;[43];80
239;[45];80
239;[45];80
239;[45];80
239;[38];80
239;[38];80
239;[43];80
239;[41];80
239;[40];80
239;[45];80
239;[45];80
239;[45];80
239;[38];80
239;[38];80
239;[43];80
239;[41];80
239;[40];80
239;[45];80
239;[45];80
239;[45];80
239;[38];80
239;[38];80
239;[43];80
239;[41];80
239;[40];80
239;[45];80
239;[45];80
239;[45];80
239;[38];80
239;[38];80
239;[43];80
239;[41];80
239;[40];80
239;[45];80
1439;[43];80
239;[38];80
239;[38];80
239;[38];80
239;[38];80
239;[38];80
239;[45];80
239;[38];80
239;[38];80
239;[38];80
239;[38];80
239;[38];80
239;[38];80
239;[38];80
239;[45];80
239;[38];80
239;[38];80
239;[38];80
239;[38];80
239;[45];80
239;[45];80
239;[36];80
239;[36];80
239;[43];80
239;[43];80
239;[38];80
239;[38];80
239;[38];80
239;[43];80
239;[45];80
239;[45];80
239;[38];80
239;[38];80
239;[38];80
239;[38];80
239;[45];80
239;[45];80
239;[36];80
239;[36];80
239;[43];80
239;[43];80
239;[38];80
239;[38];80
239;[38];80
239;[43];80
239;[45];80
239;[45];80
239;[38];80
239;[38];80
119;[43];80
119;[43];80
239;[45];80
239;[43];80
239;[42];80
239;[40];80
239;[38];80
239;[37];80
239;[47];80
239;[45];80
239;[43];80
239;[38];80
239;[43];80
239;[43];80
239;[36];80
239;[38];80
239;[40];80
239;[40];80
239;[40];80
239;[38];80
239;[36];80
239;[47];80
239;[38];80
239;[38];80
239;[43];80
239;[38];80
239;[43];80
239;[43];80
239;[43];80
239;[36];80
239;[43];80
239;[36];80
239;[45];80
239;[43];80
239;[42];80
239;[40];80
239;[38];80
239;[37];80
239;[47];80
239;[45];80
239;[43];80
239;[38];80
239;[43];80
239;[43];80
239;[43];80
239;[38];80
239;[40];80
239;[38];80
239;[43];80
239;[38];80
239;[40];80
239;[40];80
239;[36];80
239;[36];80
239;[36];80
239;[36];80
239;[43];80
239;[43];80
119;[43];80
119;[43];80
239;[45];80
239;[43];80
239;[42];80
239;[40];80
239;[38];80
239;[37];80
239;[47];80
239;[45];80
239;[43];80
239;[38];80
239;[43];80
239;[43];80
239;[36];80
239;[38];80
239;[40];80
239;[40];80
239;[40];80
239;[38];80
239;[36];80
239;[47];80
239;[38];80
239;[38];80
239;[43];80
239;[38];80
239;[43];80
239;[43];80
239;[43];80
239;[36];80
239;[43];80
239;[36];80
239;[45];80
239;[43];80
239;[42];80
239;[40];80
239;[38];80
239;[37];80
239;[47];80
239;[45];80
239;[43];80
239;[38];80
239;[43];80
239;[43];80
1919;[45];80
1919;[45];80
1919;[45];80
1919;[45];80
1919;[45];80
1919;[45];80
1919;[45];80
1919;[45];80
239;[38];80
239;[43];80
239;[38];80
239;[43];80
239;[36];80
239;[36];80
239;[36];80
239;[36];80
239;[38];80
239;[43];80
239;[38];80
239;[43];80
239;[36];80
239;[36];80
239;[36];80
239;[36];80
239;[36];80
239;[36];80
239;[36];80
239;[47];80
239;[47];80
239;[45];80
239;[45];80
239;[45];80
239;[45];80
239;[38];80
239;[38];80
239;[38];80
239;[38];80
239;[36];80
239;[38];80
239;[43];80
239;[43];80
239;[38];80
239;[38];80
239;[38];80
239;[38];80
239;[36];80
239;[38];80
239;[43];80
239;[43];80
239;[43];80
239;[43];80
239;[43];80
239;[43];80
239;[43];80
239;[36];80
239;[45];80
239;[38];80
239;[43];80
239;[43];80
239;[43];80
239;[43];80
239;[43];80
239;[38];80
239;[43];80
239;[43];80
239;[43];80
239;[43];80
239;[43];80
239;[43];80
239;[43];80
239;[36];80
239;[45];80
239;[38];80
239;[43];80
239;[43];80
239;[43];80
239;[43];80
239;[43];80
239;[38];80
239;[43];80
239;[43];80
239;[43];80
239;[43];80
239;[38];80
239;[38];80
239;[43];80
239;[43];80
239;[38];80
239;[38];80
239;[43];80
239;[43];80
239;[38];80
239;[38];80
239;[43];80
239;[38];80
239;[43];80
239;[43];80
239;[43];80
239;[43];80
239;[38];80
239;[38];80
239;[43];80
239;[43];80
239;[38];80
239;[38];80
239;[43];80
239;[43];80
239;[38];80
239;[38];80
239;[43];80
239;[38];80
239;[43];80
239;[43];80
239;[38];80
239;[38];80
239;[43];80
239;[43];80
239;[38];80
239;[38];80
239;[43];80
239;[43];80
239;[38];80
239;[38];80
239;[43];80
239;[38];80
239;[36];80
239;[38];80
239;[43];80
239;[42];80
239;[40];80
239;[45];80
239;[45];80
239;[38];80
239;[36];80
239;[47];80
239;[43];80
239;[43];80
239;[43];80
239;[43];80
239;[36];80
239;[36];80
239;[43];80
239;[43];80
239;[43];80
239;[43];80
239;[43];80
239;[43];80
239;[43];80
239;[36];80
239;[38];80
239;[43];80
239;[42];80
239;[40];80
239;[45];80
239;[45];80
239;[38];80
239;[36];80
239;[47];80
239;[43];80
239;[43];80
239;[43];80
239;[43];80
239;[36];80
239;[36];80
239;[43];80
239;[43];80
239;[43];80
239;[43];80
239;[43];80
239;[43];80
239;[43];80
239;[36];80
239;[38];80
239;[43];80
239;[42];80
239;[40];80
239;[45];80
239;[45];80
239;[38];80
239;[36];80
239;[47];80
239;[43];80
239;[43];80
239;[43];80
239;[43];80
239;[36];80
239;[36];80
239;[43];80
239;[43];80
239;[43];80
239;[36];80
239;[36];80
239;[36];80
239;[36];80
239;[43];80
239;[43];80
239;[45];80
239;[38];80
239;[37];80
239;[36];80
239;[36];80
239;[36];80
239;[36];80
239;[43];80
239;[38];80
239;[43];80
239;[43];80
239;[38];80
239;[38];80
239;[45];80
239;[45];80
239;[47];80
239;[47];80
239;[45];80
239;[45];80
239;[38];80
239;[38];80
239;[43];80
239;[43];80
239;[38];80
239;[38];80
239;[38];80
239;[38];80
239;[38];80
239;[38];80
239;[45];80
239;[38];80
239;[38];80
239;[38];80
239;[45];80
239;[45];80
239;[47];80
239;[47];80
239;[45];80
239;[45];80
239;[38];80
239;[38];80
239;[43];80
239;[43];80
239;[38];80
239;[38];80
239;[38];80
239;[38];80
239;[38];80
239;[38];80
239;[45];80
239;[38];80
239;[38];80
239;[38];80
239;[45];80
239;[45];80
239;[47];80
239;[47];80
239;[45];80
239;[45];80
239;[38];80
239;[38];80
239;[43];80
239;[43];80
239;[38];80
239;[38];80
239;[38];80
239;[38];80
239;[38];80
239;[38];80
239;[43];80
239;[43];80
239;[38];80
239;[38];80
239;[38];80
239;[45];80
239;[38];80
239;[38];80
239;[43];80
239;[43];80
239;[38];80
239;[38];80
239;[38];80
239;[38];80
239;[38];80
239;[38];80
239;[45];80
239;[38];80
239;[38];80
239;[38];80
239;[45];80
239;[45];80
239;[47];80
239;[47];80
239;[45];80
239;[45];80
239;[38];80
239;[38];80
239;[43];80
239;[43];80
239;[38];80
239;[38];80
239;[38];80
239;[38];80
239;[38];80
239;[38];80
239;[45];80
239;[38];80
239;[38];80
239;[38];80
239;[45];80
239;[45];80
239;[47];80
239;[47];80
239;[45];80
239;[45];80
239;[38];80
239;[38];80
239;[43];80
239;[43];80
239;[38];80
239;[38];80
239;[38];80
239;[38];80
239;[38];80
239;[38];80
239;[45];80
239;[38];80
239;[38];80
239;[38];80
239;[45];80
239;[45];80
239;[47];80
239;[47];80
239;[45];80
239;[45];80
239;[38];80
239;[38];80
239;[43];80
239;[43];80
239;[38];80
239;[38];80
239;[38];80
239;[38];80
239;[38];80
239;[38];80
239;[45];80
239;[38];80
239;[38];80
239;[45];80
239;[47];80
239;[45];80
239;[38];80
239;[38];80
239;[43];80
239;[43];80
239;[38];80
239;[38];80
239;[38];80
239;[38];80
479;[38];80
479;[38];80
479;[38];80
479;[38];80
479;[45];80
479;[40];80
479;[38];80
479;[40];80
479;[38];80
479;[38];80
479;[38];80
479;[38];80
479;[45];80
479;[40];80
479;[38];80
479;[40];80
479;[41];80
479;[46];80
479;[36];80
479;[36];80
479;[38];80
479;[45];80
479;[38];80
479;[45];80
479;[41];80
479;[46];80
479;[36];80
479;[36];80
479;[38];80
479;[45];80
479;[38];80
479;[45];80
2159;[36];80
2159;[36];80
2159;[36];80
2159;[36];80
479;[43];80
479;[36];80
479;[43];80
479;[39];80
479;[43];80
479;[36];80
479;[43];80
479;[39];80
479;[46];80
479;[41];80
479;[43];80
479;[36];80
479;[38];80
479;[43];80
479;[46];80
479;[36];80
479;[46];80
479;[41];80
479;[43];80
479;[36];80
479;[38];80
479;[43];80
479;[46];80
479;[36];80
1919;[40];80
1919;[38];80
1919;[40];80
1919;[38];80
1919;[38];80
1919;[38];80
1919;[36];80
1919;[36];80
1919;[36];80
1919;[36];80
1919;[36];80
1919;[36];80
1919;[36];80
1919;[36];80
1919;[36];80
1919;[36];80
1919;[47];80
1919;[47];80
1919;[47];80
1919;[47];80
1919;[40];80
1919;[40];80
1919;[42];80
1919;[40];80
1919;[42];80
1919;[42];80
1919;[40];80
1919;[42];80
1919;[39];80
239;[45];80
239;[38];80
239;[38];80
239;[38];80
239;[38];80
239;[45];80
239;[45];80
239;[45];80
239;[45];80
239;[45];80
239;[45];80
239;[45];80
239;[45];80
239;[38];80
239;[38];80
239;[45];80
239;[45];80
239;[38];80
239;[38];80
239;[38];80
239;[38];80
239;[40];80
239;[40];80
239;[40];80
239;[40];80
239;[45];80
239;[45];80
239;[45];80
239;[45];80
239;[40];80
239;[40];80
239;[45];80
239;[45];80
239;[38];80
239;[38];80
239;[38];80
239;[38];80
239;[45];80
239;[45];80
239;[45];80
239;[45];80
239;[45];80
239;[45];80
239;[45];80
239;[45];80
239;[38];80
239;[38];80
239;[45];80
239;[45];80
239;[38];80
239;[38];80
239;[38];80
239;[38];80
239;[40];80
239;[40];80
239;[40];80
239;[40];80
239;[45];80
239;[45];80
239;[45];80
239;[45];80
239;[40];80
239;[40];80
239;[45];80
239;[45];80
239;[38];80
239;[38];80
239;[38];80
239;[38];80
239;[45];80
239;[45];80
239;[45];80
239;[45];80
239;[45];80
239;[45];80
239;[45];80
239;[45];80
239;[38];80
239;[38];80
239;[38];80
239;[38];80
239;[38];80
239;[38];80
239;[38];80
239;[38];80
239;[45];80
239;[45];80
239;[45];80
239;[45];80
239;[45];80
239;[45];80
239;[45];80
239;[45];80
239;[38];80
239;[45];80
239;[38];80
239;[38];80
239;[38];80
239;[38];80
239;[38];80
239;[38];80
239;[45];80
239;[45];80
239;[45];80
239;[45];80
239;[45];80
239;[45];80
239;[45];80
239;[45];80
239;[38];80
239;[38];80
239;[38];80
239;[38];80
239;[38];80
239;[38];80
239;[38];80
239;[38];80
239;[45];80
239;[45];80
239;[45];80
239;[45];80
239;[45];80
239;[45];80
239;[45];80
239;[45];80
239;[38];80
239;[45];80
239;[38];80
239;[38];80
1919;[44];80
1919;[44];80
1919;[45];80
1919;[47];80
1919;[40];80
1919;[40];80
1919;[45];80
1919;[47];80
1919;[37];80
1919;[37];80
1919;[40];80
1919;[40];80
1919;[45];80
1919;[43];80
1919;[47];80
1919;[45];80
1919;[43];80
1919;[47];80
1919;[43];80
1919;[47];80
1919;[45];80
1919;[43];80
1919;[47];80
1919;[43];80
1919;[43];80
1919;[43];80
1919;[36];80
1919;[43];80
1919;[36];80
1919;[38];80
239;[38];80
239;[38];80
239;[38];80
239;[38];80
239;[45];80
239;[45];80
239;[38];80
239;[45];80
239;[38];80
239;[36];80
239;[47];80
239;[45];80
239;[45];80
239;[43];80
239;[45];80
239;[38];80
239;[45];80
239;[38];80
239;[38];80
239;[43];80
239;[45];80
239;[38];80
239;[38];80
239;[40];80
239;[45];80
239;[38];80
239;[36];80
239;[47];80
239;[45];80
239;[45];80
239;[43];80
239;[45];80
239;[38];80
239;[45];80
239;[38];80
239;[38];80
239;[43];80
239;[38];80
239;[43];80
239;[43];80
239;[45];80
239;[45];80
239;[38];80
239;[38];80
239;[43];80
239;[38];80
239;[45];80
239;[45];80
239;[38];80
239;[38];80
239;[45];80
239;[45];80
239;[38];80
239;[38];80
239;[45];80
239;[45];80
239;[38];80
239;[45];80
239;[38];80
239;[38];80
239;[43];80
239;[38];80
239;[45];80
239;[45];80
239;[38];80
239;[38];80
239;[38];80
239;[45];80
239;[38];80
239;[43];80
239;[38];80
239;[45];80
239;[38];80
239;[45];80
239;[38];80
239;[45];80
239;[38];80
239;[43];80
239;[38];80
239;[45];80
239;[38];80
239;[43];80
239;[38];80
239;[45];80
239;[38];80
239;[45];80
239;[38];80
239;[45];80
239;[38];80
239;[43];80
239;[43];80
239;[45];80
239;[38];80
239;[45];80
239;[43];80
239;[43];80
239;[38];80
239;[38];80
239;[40];80
239;[45];80
239;[38];80
239;[36];80
239;[38];80
239;[43];80
239;[38];80
239;[45];80
239;[43];80
239;[43];80
239;[38];80
239;[38];80
239;[40];80
239;[45];80
239;[38];80
239;[36];80
239;[38];80
239;[43];80
239;[38];80
239;[38];80
1919;[36];80
1919;[37];80
1919;[38];80
239;[38];80
239;[38];80
239;[45];80
239;[38];80
239;[38];80
239;[43];80
239;[38];80
239;[38];80
239;[38];80
239;[43];80
239;[38];80
239;[45];80
239;[38];80
239;[38];80
239;[45];80
239;[38];80
239;[38];80
239;[43];80
239;[38];80
239;[38];80
239;[38];80
239;[43];80
239;[38];80
239;[45];80
239;[38];80
239;[38];80
239;[45];80
239;[38];80
239;[38];80
239;[43];80
239;[38];80
239;[38];80
239;[38];80
239;[43];80
239;[38];80
239;[45];80
239;[45];80
239;[38];80
239;[38];80
239;[43];80
239;[38];80
239;[38];80
239;[38];80
239;[43];80
239;[38];80
239;[45];80
239;[43];80
239;[43];80
239;[43];80
239;[43];80
239;[38];80
239;[38];80
239;[43];80
239;[36];80
239;[43];80
239;[38];80
239;[43];80
239;[36];80
239;[43];80
239;[38];80
239;[43];80
239;[40];80
239;[45];80
239;[38];80
239;[43];80
239;[43];80
239;[36];80
239;[38];80
239;[43];80
239;[40];80
239;[45];80
239;[38];80
239;[43];80
239;[43];80
239;[43];80
239;[43];80
239;[43];80
239;[36];80
239;[38];80
239;[45];80
239;[38];80
239;[43];80
239;[43];80
239;[43];80
239;[38];80
239;[43];80
239;[36];80
239;[38];80
239;[43];80
239;[45];80
239;[45];80
239;[38];80
239;[43];80
239;[38];80
239;[38];80
239;[43];80
239;[36];80
239;[38];80
239;[45];80
239;[38];80
239;[43];80
239;[43];80
