119;[69];105
119;[71];80
239;[72];105
239;[72];80
239;[72];80
479;[76];95
239;[67];80
239;[69];105
239;[72];80
239;[71];80
479;[69];95
239;[67];80
239;[72];105
239;[72];80
239;[72];80
479;[76];95
239;[67];80
239;[67];105
239;[74];80
239;[74];80
239;[71];95
239;[76];80
239;[67];80
239;[72];105
239;[72];80
239;[72];80
479;[76];95
239;[67];80
239;[69];105
239;[72];80
239;[71];80
479;[69];95
239;[67];80
239;[72];105
239;[72];80
239;[72];80
239;[74];95
239;[71];80
239;[71];80
719;[72];105
479;[72];95
119;[69];80
119;[71];80
239;[72];105
239;[72];80
239;[72];80
479;[76];95
239;[67];80
239;[69];105
239;[72];80
239;[71];80
479;[69];95
239;[67];80
239;[72];105
239;[72];80
239;[72];80
479;[76];95
239;[67];80
239;[67];105
239;[74];80
239;[74];80
239;[71];95
239;[76];80
239;[67];80
239;[72];105
239;[72];80
239;[72];80
479;[76];95
239;[67];80
239;[69];105
239;[72];80
239;[71];80
479;[69];95
239;[67];80
239;[72];105
239;[72];80
239;[72];80
239;[74];95
239;[71];80
239;[71];80
719;[72];105
479;[72];95
239;[69];80
239;[72];105
239;[76];80
239;[76];80
239;[76];95
239;[69];80
239;[69];80
239;[74];105
239;[67];80
239;[67];80
239;[67];95
239;[71];80
239;[71];80
239;[72];105
239;[76];80
239;[76];80
239;[65];95
239;[67];80
239;[69];80
239;[71];105
239;[74];80
239;[74];80
719;[74];95
239;[72];105
239;[76];80
239;[76];80
239;[76];95
239;[69];80
239;[69];80
239;[74];105
239;[67];80
239;[67];80
239;[67];95
239;[71];80
239;[71];80
239;[65];105
239;[72];80
239;[72];80
239;[74];95
239;[71];80
239;[71];80
719;[72];105
479;[72];95
239;[69];80
239;[72];105
239;[76];80
239;[76];80
239;[76];95
239;[69];80
239;[69];80
239;[74];105
239;[67];80
239;[67];80
239;[67];95
239;[71];80
239;[71];80
239;[72];105
239;[76];80
239;[76];80
239;[65];95
239;[67];80
239;[69];80
239;[71];105
239;[74];80
239;[74];80
719;[74];95
239;[72];105
239;[76];80
239;[76];80
239;[76];95
239;[69];80
239;[69];80
239;[74];105
239;[67];80
239;[67];80
239;[67];95
239;[71];80
239;[71];80
239;[65];105
239;[72];80
239;[72];80
239;[74];95
239;[71];80
239;[71];80
719;[72];105
479;[72];95
